16
9
300
200
000000010000000
000000111000000
111111111111111
011111111111110
001111111111100
000001111100000
000000010000000
000000111000000
000001111100000
F
160
60
00000
00100
00110
01100
00000
I
320
60
00000
00000
11111
00000
00000
L
520
60
00000
00010
11110
00000
00000
N
700
60
00000
01100
00100
00110
00000
P
700
180
00000
00000
01110
01100
00000
T
700
320
00000
00100
00100
01110
00000
U
700
440
00000
01010
01110
00000
00000
V
520
440
00000
01000
01000
01110
00000
W
320
440
00000
00110
01100
01000
00000
X
160
440
00000
00100
01110
00100
00000
Y
160
300
00000
00000
01111
00100
00000
Z
180
200
00000
00110
11100
00000
00000
