12
8
340
240
11100000111
11110101111
11111111111
01111111110
00111111100
01111111110
01110101110
00010001000
F
160
60
360
320
00000
00110
01100
00100
00000
I
320
60
420
280
00000
00000
11111
00000
00000
L
520
60
420
300
00000
00000
01111
01000
00000
N
700
60
460
320
00000
00010
01110
01000
00000
P
700
180
460
220
00000
00110
00110
00100
00000
T
700
320
440
240
00000
00100
00100
01110
00000
U
700
440
340
220
00000
00000
01110
01010
00000
V
520
440
320
220
00000
01110
01000
01000
00000
W
320
440
340
300
00000
00110
01100
01000
00000
X
160
440
400
240
00000
00100
01110
00100
00000
Y
160
300
340
260
00000
00100
01111
00000
00000
Z
180
200
500
240
00100
00100
01100
01000
00000
