10
13
300
200
1000100000
1101100000
1111100000
1010100000
1111100000
0111000000
0010000000
0111000000
1111100000
1111100000
1111110001
1111111111
0111111100
F
160
60
00000
01000
01110
00100
00000
I
320
60
00100
00100
00100
00100
00100
L
520
60
00000
00000
01111
01000
00000
N
700
60
00000
00011
01110
00000
00000
P
700
180
00000
00000
00110
01110
00000
T
700
320
00000
00100
00100
01110
00000
U
700
440
00000
00110
00100
00110
00000
V
520
440
00000
01000
01000
01110
00000
W
320
440
00000
00010
00110
01100
00000
X
160
440
00000
00100
01110
00100
00000
Y
160
300
00000
00010
00110
00010
00010
Z
180
200
00000
00010
01110
01000
00000
