20
6
300
200
00000000000000011000
00000111111111111111
00011111111111110000
00111111111111111111
11110110000011000000
00000011000001100000
F
160
60
00000
00100
01100
00110
00000
I
320
60
00000
00000
11111
00000
00000
L
520
60
00000
01000
01111
00000
00000
N
900
60
00000
00010
00010
00110
00100
P
900
180
00000
01100
01110
00000
00000
T
900
320
00000
01110
00100
00100
00000
U
900
440
00000
00110
00100
00110
00000
V
520
440
00000
01110
00010
00010
00000
W
320
440
00000
01000
01100
00110
00000
X
160
440
00000
00100
01110
00100
00000
Y
160
300
00000
00010
01111
00000
00000
Z
180
200
00000
01000
01110
00010
00000
