9
15
300
200
000111000
000111000
000111000
111111111
111111111
111111111
000111000
000111000
000111000
000111000
000111000
000111000
000111000
000111000
000111000
F
160
60
00000
00110
01100
00100
00000
I
320
60
00100
00100
00100
00100
00100
L
520
60
00000
00010
11110
00000
00000
N
700
60
00000
01000
01100
00100
00100
P
700
180
00000
01110
01100
00000
00000
T
700
400
00000
00100
00100
01110
00000
U
700
500
00000
01110
01010
00000
00000
V
520
500
00000
01110
00010
00010
00000
W
320
500
00000
01100
00110
00010
00000
X
160
500
00000
00100
01110
00100
00000
Y
160
300
00000
00100
00110
00100
00100
Z
180
200
00000
01000
01110
00010
00000
