11
13
300
200
00010101000
00000001100
00000000111
00000000111
00000000110
00000001110
11111111110
10111111110
10111111100
00110001100
00110001100
00100000100
00100000100
F
160
60
00000
00100
01100
00110
00000
I
320
60
00100
00100
00100
00100
00100
L
520
60
00000
01100
00100
00100
00100
N
700
60
00000
00100
00110
00010
00010
P
700
180
00000
00000
01110
00110
00000
T
700
320
00000
01110
00100
00100
00000
U
700
440
00000
00000
01010
01110
00000
V
520
440
00000
01110
01000
01000
00000
W
320
440
00000
00110
01100
01000
00000
X
160
440
00000
00100
01110
00100
00000
Y
160
300
00000
00100
01100
00100
00100
Z
180
200
00000
01100
00100
00110
00000
