14
9
340
200
0000000111000
0000001111100
0000001111111
0000000111000
0000000011100
0011111111110
1111111111110
0011111111110
0000111111100
F
160
60
460
220
00000
00100
01100
00110
00000
I
320
60
460
320
00000
00000
11111
00000
00000
L
520
60
500
200
00000
00000
01111
01000
00000
N
700
60
420
280
00000
00010
01110
01000
00000
P
700
180
440
200
00000
01110
01100
00000
00000
T
700
320
320
280
00000
00010
01110
00010
00000
U
700
440
500
280
00000
00000
01010
01110
00000
V
520
440
440
280
00000
00010
00010
01110
00000
W
320
440
380
300
00000
01000
01100
00110
00000
X
160
440
500
260
00000
00100
01110
00100
00000
Y
160
300
380
260
00000
00000
01111
00100
00000
Z
180
200
460
180
00000
01110
00011
00000
00000
