14
9
300
200
00110000000000
01111000000000
11111000000000
00011000000000
00011011111000
00011111111111
00011111111111
00011111111110
00001111111100
F
160
60
00000
00010
01110
00100
00000
I
320
60
00100
00100
00100
00100
00100
L
520
60
00000
00001
01111
00000
00000
N
700
60
00000
00100
00100
00110
00010
P
700
180
00000
00000
00110
01110
00000
T
700
320
00000
00100
00100
01110
00000
U
700
440
00000
00000
01010
01110
00000
V
520
440
00000
01110
01000
01000
00000
W
320
440
00000
01100
00110
00010
00000
X
160
440
00000
00100
01110
00100
00000
Y
160
300
00000
00000
01111
00010
00000
Z
180
200
00000
01000
01110
00010
00000
