16
12
300
200
000100000000000
011100000000000
001100000000000
001100000000000
001100000000000
111100000000000
101110000000000
001111100000000
001111110000000
001111111000000
001111111000000
001100111000000
111100011111111
F
160
60
00000
00100
01110
01000
00000
I
320
60
00000
00000
11111
00000
00000
L
520
60
00000
00100
00100
00100
00110
N
700
60
00000
00100
00100
00110
00010
P
700
180
00000
01100
01100
00100
00000
T
700
320
00000
00010
01110
00010
00000
U
700
440
00000
01110
01010
00000
00000
V
520
440
00000
00010
00010
01110
00000
W
320
440
00000
01100
00110
00010
00000
X
160
440
00000
00100
01110
00100
00000
Y
160
300
00000
00100
00110
00100
00100
Z
180
200
00000
00010
01110
01000
00000
