12
16
320
100
00000011000
00000011100
00000011110
00000011111
00000011111
00000010011
00000010001
00000010000
00000010000
00000010000
00000010000
01111110000
11111110000
11111110000
11111110000
01111100000
F
160
60
380
300
00000
00100
01100
00110
00000
I
320
60
400
260
00100
00100
00100
00100
00100
L
520
60
400
160
00000
00110
00100
00100
00100
N
700
60
420
120
00000
01000
01110
00010
00000
P
700
200
420
80
00000
01100
01110
00000
00000
T
700
320
340
300
00000
01110
00100
00100
00000
U
700
460
340
340
00000
01010
01110
00000
00000
V
520
440
440
120
00000
01110
00010
00010
00000
W
320
440
300
340
00000
01000
01100
00110
00000
X
160
440
300
300
00000
00100
01110
00100
00000
Y
160
320
480
160
00100
00100
01100
00100
00000
Z
200
200
380
360
00000
00110
11100
00000
00000
