8
18
400
80
0001000
0001000
0011100
0011100
0011100
0011100
0011100
0011100
0011100
0011100
0011100
0011100
0011100
0111110
1111111
1111111
1100011
1000001
F
160
60
460
320
00000
00100
01110
00010
00000
I
320
60
400
180
00100
00100
00100
00100
00100
L
520
60
440
200
00000
01100
00100
00100
00100
N
700
60
420
140
00000
01100
00100
00110
00000
P
700
180
420
280
00000
00110
00110
00010
00000
T
700
320
420
60
00000
00100
00100
01110
00000
U
700
440
400
320
00000
00000
01010
01110
00000
V
520
440
420
120
00000
01110
00010
00010
00000
W
320
440
460
360
00000
01100
00110
00010
00000
X
160
440
400
300
00000
00100
01110
00100
00000
Y
160
300
360
360
00100
00100
00110
00100
00000
Z
180
200
420
240
00100
00100
01100
01000
00000
