8
19
400
80
0011100
0010100
0011100
0001000
0001000
0001000
0001000
0001000
0001000
0001000
0001000
0001000
1111111
1111111
1111111
1111111
1111111
0111110
0011100
F
160
60
420
340
00000
00100
01100
00110
00000
I
320
60
420
180
00100
00100
00100
00100
00100
L
520
60
360
300
00000
00110
00100
00100
00100
N
700
60
460
300
00000
00110
00100
01100
00000
P
700
180
400
380
00000
00100
00110
00110
00000
T
700
320
420
100
00000
01110
00100
00100
00000
U
700
440
420
60
00000
01110
01010
00000
00000
V
520
440
460
320
00000
00010
00010
01110
00000
W
320
440
460
380
00000
00110
01100
01000
00000
X
160
440
400
300
00000
00100
01110
00100
00000
Y
160
300
380
340
00000
00100
00100
01100
00100
Z
180
200
440
280
01000
01000
01100
00100
00000
