13
8
360
200
000000100000
000011111000
110111111111
010111111101
011111111101
011111111101
000111111111
000011111000
F
160
60
480
220
00000
00100
01110
00010
00000
I
320
60
440
300
00000
00000
11111
00000
00000
L
520
60
420
200
00000
01000
01111
00000
00000
N
700
60
340
220
00000
01100
00100
00110
00000
P
700
180
480
260
00000
00100
01100
01100
00000
T
700
320
400
220
00000
01000
01110
01000
00000
U
700
440
520
260
00000
00000
01010
01110
00000
V
520
440
520
220
00000
01110
00010
00010
00000
W
320
440
420
260
00000
01000
01100
00110
00000
X
160
440
440
240
00000
00100
01110
00100
00000
Y
160
300
440
180
00000
00100
01111
00000
00000
Z
180
200
360
280
00000
01110
00011
00000
00000
