13
13
300
200
0000111110000
0011111111100
0111111111110
1111111111111
1111001001111
1000001000011
0000001000000
0000001000000
0000001000000
0000001000000
0000001000000
0000101000000
0000111000000
F
160
60
00000
01100
00110
00100
00000
I
320
60
00100
00100
00100
00100
00100
L
520
60
00000
00000
01111
00001
00000
N
700
60
00000
00010
00110
00100
00100
P
700
180
00000
00000
00110
01110
00000
T
700
320
00000
00010
01110
00010
00000
U
700
440
00000
00000
01010
01110
00000
V
520
440
00000
01110
00010
00010
00000
W
320
440
00000
01100
00110
00010
00000
X
160
440
00000
00100
01110
00100
00000
Y
160
300
00000
00010
01111
00000
00000
Z
180
200
00000
00010
01110
01000
00000
